!    ibrav = 0, nat = 72, ntyp = 2
CELL_PARAMETERS bohr
   18.6723538152766508    0.0000000000000000    0.0000000000000000
   -9.3361769038588740   16.1707327487830561    0.0000000000000000
    0.0000000000000000    0.0000000000000000   20.5483146693591117
ATOMIC_SPECIES
  O   15.99940   O.pbesol-n-kjpaw_psl.0.1.UPF
 Si   28.08550   Si.pbesol-n-rrkjus_psl.1.0.0.UPF
ATOMIC_POSITIONS crystal
  O   0.2049547254098723  0.1345461020500000  0.1080661026500000
  O   0.7060258276500001  0.1345461020500000  0.1080661026500000
  O   0.2060258276500000  0.6345461020500001  0.1080661026500000
  O   0.7060258276500000  0.6345461020500001  0.1080661026500000
  O   0.2060258276500000  0.1345461020500000  0.6080661026500001
  O   0.7060258276500001  0.1345461020500000  0.6080661026500001
  O   0.2060258276500000  0.6345461020500001  0.6080661026500001
  O   0.7060258276500000  0.6345461020500001  0.6080661026500001
  O   0.3654538979500000  0.0714797256000000  0.2747327693000000
  O   0.8654538979499998  0.0714797256000000  0.2747327693000000
  O   0.3654538979499999  0.5714797256000000  0.2747327693000000
  O   0.8654538979499997  0.5714797256000000  0.2747327693000000
  O   0.3654538979500000  0.0714797256000000  0.7747327693000000
  O   0.8654538979499998  0.0714797256000000  0.7747327693000000
  O   0.3654538979499999  0.5714797256000000  0.7747327693000000
  O   0.8654538979499997  0.5714797256000000  0.7747327693000000
  O   0.4285202744000000  0.2939741723500000  0.4413994360000000
  O   0.9285202744000001  0.2939741723500000  0.4413994360000000
  O   0.4285202744000000  0.7939741723500000  0.4413994360000000
  O   0.9285202744000001  0.7939741723500000  0.4413994360000000
  O   0.4285202744000000  0.2939741723500000  0.9413994360000001
  O   0.9285202744000001  0.2939741723500000  0.9413994360000001
  O   0.4285202744000000  0.7939741723500000  0.9413994360000001
  O   0.9285202744000001  0.7939741723500000  0.9413994360000001
  O   0.1345461150500000  0.2060257703500000  0.3919227634500000
  O   0.6345461150500000  0.2060257703500000  0.3919227634500000
  O   0.1345461150500000  0.7060257703500000  0.3919227634500000
  O   0.6345461150499999  0.7060257703500000  0.3919227634500000
  O   0.1345461150500000  0.2060257703500000  0.8919227634500001
  O   0.6345461150500000  0.2060257703500000  0.8919227634500001
  O   0.1345461150500000  0.7060257703500000  0.8919227634500001
  O   0.6345461150499999  0.7060257703500000  0.8919227634500001
  O   0.2939742296500000  0.4285203447499999  0.0585894301000000
  O   0.7939742296500000  0.4285203447499999  0.0585894301000000
  O   0.2939742296499999  0.9285203447499999  0.0585894301000000
  O   0.7939742296500000  0.9285203447499999  0.0585894301000000
  O   0.2939742296500000  0.4285203447499999  0.5585894301000000
  O   0.7939742296500000  0.4285203447499999  0.5585894301000000
  O   0.2939742296499999  0.9285203447499999  0.5585894301000000
  O   0.7939742296500000  0.9285203447499999  0.5585894301000000
  O   0.0714796552500000  0.3654538849500000  0.2252560968000000
  O   0.5714796552500000  0.3654538849500000  0.2252560968000000
  O   0.0714796552499999  0.8654538849499999  0.2252560968000000
  O   0.5714796552499999  0.8654538849499999  0.2252560968000000
  O   0.0714796552500000  0.3654538849500000  0.7252560968000000
  O   0.5714796552500000  0.3654538849500000  0.7252560968000000
  O   0.0714796552499999  0.8654538849499999  0.7252560968000000
  O   0.5714796552499999  0.8654538849499999  0.7252560968000000
 Si   0.2345355077499999  0.9999999832499998  0.1666611339000000
 Si   0.7345355077499999  0.9999999832499998  0.1666611339000000
 Si   0.2345355077500000  0.4999999832499999  0.1666611339000000
 Si   0.7345355077500000  0.4999999832499999  0.1666611339000000
 Si   0.2345355077499999  0.9999999832499998  0.6666611339000000
 Si   0.7345355077499999  0.9999999832499998  0.6666611339000000
 Si   0.2345355077500000  0.4999999832499999  0.6666611339000000
 Si   0.7345355077500000  0.4999999832499999  0.6666611339000000
 Si   0.0000000167500000  0.2345355245500000  0.3333278005500000
 Si   0.5000000167499999  0.2345355245500000  0.3333278005500000
 Si   0.0000000167499999  0.7345355245499999  0.3333278005500000
 Si   0.5000000167499999  0.7345355245499999  0.3333278005500000
 Si   0.0000000167500000  0.2345355245500000  0.8333278005500000
 Si   0.5000000167499999  0.2345355245500000  0.8333278005500000
 Si   0.0000000167499999  0.7345355245499999  0.8333278005500000
 Si   0.5000000167499999  0.7345355245499999  0.8333278005500000
 Si   0.2654644754500000  0.2654644922500000  0.4999944672500000
 Si   0.7654644754500001  0.2654644922500000  0.4999944672500000
 Si   0.2654644754500000  0.7654644922500000  0.4999944672500000
 Si   0.7654644754500000  0.7654644922500000  0.4999944672500000
 Si   0.2654644754500000  0.2654644922500000  0.9999944672500001
 Si   0.7654644754500001  0.2654644922500000  0.9999944672500001
 Si   0.2654644754500000  0.7654644922500000  0.9999944672500001
 Si   0.7654644754500000  0.7654644922500000  0.9999944672500001