72   
9    

1    
  0.0200000000000000   0.0000000000000000   0.0000000000000000
  -0.0062809196    0.0055719499   -0.0032544497
   0.0000673904   -0.0000000201    0.0000149303
   0.0000882004   -0.0002194901    0.0000725703
  -0.0000374396    0.0000759899   -0.0000249497
  -0.0000591496    0.0000247099    0.0000231103
   0.0000226104   -0.0000037201    0.0000422103
  -0.0000032796   -0.0000268201    0.0000368703
  -0.0000222296    0.0000296299    0.0000096803
   0.0004380704   -0.0000743201    0.0007373103
   0.0000882304    0.0000036399   -0.0000295997
  -0.0000226096   -0.0000917901   -0.0000491297
   0.0000124304   -0.0000089301    0.0000151703
  -0.0000277196   -0.0000432401   -0.0000315597
   0.0000763304    0.0000360899    0.0000808803
  -0.0000137296   -0.0000578201    0.0000091303
  -0.0000030696   -0.0000059301    0.0000210503
  -0.0000716996    0.0000690899    0.0001057703
   0.0000844704    0.0000010399   -0.0000296597
   0.0000439704   -0.0000213401    0.0000043103
  -0.0000078596    0.0000124399    0.0000321103
   0.0000639404    0.0002873199   -0.0004841897
   0.0001574204   -0.0000122201   -0.0000109097
   0.0001284604   -0.0000580501   -0.0000599897
  -0.0000237696    0.0000611199    0.0000441803
  -0.0000485896   -0.0000163501   -0.0001118397
   0.0001476104    0.0000448899    0.0000759703
   0.0000201104   -0.0000287501   -0.0000008997
   0.0000081204   -0.0000019701   -0.0000199897
   0.0002806604   -0.0002542301    0.0007312803
   0.0001027304    0.0000044199   -0.0000027297
  -0.0000293496   -0.0000723401   -0.0000867497
   0.0000357704    0.0000083199    0.0000054203
  -0.0000119996   -0.0005893201    0.0000222903
   0.0000418604    0.0000132099   -0.0000392997
   0.0005009004   -0.0008911601   -0.0002903297
   0.0000720104    0.0000951599   -0.0000099997
  -0.0000362396    0.0000168599    0.0000037303
   0.0000181704    0.0000281699   -0.0000022797
  -0.0000120096    0.0000027899    0.0000134103
  -0.0000052796    0.0000395099    0.0000022103
   0.0000535904   -0.0000966701   -0.0000882097
   0.0000537004    0.0001323499   -0.0000267397
  -0.0002158696    0.0000018299   -0.0000289997
   0.0000385404   -0.0000060901   -0.0000263697
   0.0000229604   -0.0001008701    0.0000821603
   0.0000226404    0.0000197699   -0.0000689697
  -0.0000437796   -0.0000062701   -0.0000040897
   0.0000075704   -0.0000026201   -0.0000164597
   0.0044880304   -0.0039819501    0.0022921503
  -0.0002088696   -0.0000307401    0.0000184603
  -0.0001859896    0.0003178699    0.0001635103
  -0.0000504796   -0.0001120501    0.0000745303
   0.0000817704   -0.0000098801   -0.0000080797
  -0.0000626096   -0.0000281701   -0.0000618797
   0.0000354904    0.0000895599   -0.0000584997
  -0.0000222396   -0.0000446301    0.0000012003
  -0.0000941896    0.0000205199    0.0002224303
  -0.0001623696   -0.0004585601   -0.0002592797
   0.0000166404    0.0000458299   -0.0000545297
  -0.0000093996    0.0000569299    0.0000391903
  -0.0003934596    0.0000428899   -0.0001668097
  -0.0001399396    0.0000733099    0.0001601403
   0.0001002204   -0.0000282201   -0.0000064597
  -0.0000496196    0.0000442399    0.0000324203
   0.0001679104    0.0000043999   -0.0000094097
  -0.0001192496   -0.0000062901   -0.0000568997
  -0.0000292596    0.0000641799   -0.0000439997
   0.0000280304   -0.0000322501   -0.0000028797
   0.0012187604   -0.0002053401    0.0001504103
  -0.0001856296   -0.0000068101    0.0000176703
  -0.0001523696    0.0004382799    0.0001938603
   0.0000069404   -0.0001430801   -0.0000246097

1    
 -0.0200000000000000   0.0000000000000000   0.0000000000000000
   0.0061600000   -0.0053156797    0.0031316597
  -0.0000974900    0.0000256303    0.0000074697
  -0.0001174600    0.0002431503   -0.0000496003
   0.0000072400   -0.0000507997    0.0000475397
   0.0000295100   -0.0000006597    0.0000023597
  -0.0000522700    0.0000276803   -0.0000167703
  -0.0000264300    0.0000506903   -0.0000115703
  -0.0000074800   -0.0000057197    0.0000156097
  -0.0004372500    0.0000339003   -0.0006996803
  -0.0000948400   -0.0000414697    0.0000551397
   0.0000167100    0.0000535903    0.0000737997
  -0.0000183300   -0.0000288297    0.0000099197
   0.0000207900    0.0000051803    0.0000549797
  -0.0000828600   -0.0000745397   -0.0000577903
   0.0000068900    0.0000188603    0.0000137497
  -0.0000040000   -0.0000328997    0.0000016097
   0.0001082100   -0.0000551797   -0.0000824103
  -0.0000475300    0.0000124203    0.0000525597
  -0.0000069500    0.0000344603    0.0000185097
   0.0000447200    0.0000008203   -0.0000093003
  -0.0000309500   -0.0002714597    0.0005087097
  -0.0001211300    0.0000259403    0.0000356397
  -0.0000920500    0.0000713503    0.0000845697
   0.0000594300   -0.0000474697   -0.0000192503
   0.0000842300    0.0000033003    0.0000875097
  -0.0001114400   -0.0000576597   -0.0001001003
   0.0000152900    0.0000154703   -0.0000236803
   0.0000274200   -0.0000113197   -0.0000045303
  -0.0002407300    0.0002416403   -0.0007571303
  -0.0000667600   -0.0000169697   -0.0000197403
   0.0000657800    0.0000590403    0.0000638097
   0.0000010100   -0.0000214697   -0.0000278103
   0.0000095200    0.0006265703   -0.0000478703
  -0.0000481700    0.0000241703    0.0000143997
  -0.0005003500    0.0009152603    0.0002615997
  -0.0000787000   -0.0000583897   -0.0000149603
   0.0000288900    0.0000216003   -0.0000256803
  -0.0000255600    0.0000102503   -0.0000196503
   0.0000046300    0.0000355003   -0.0000352203
  -0.0000020000   -0.0000011897   -0.0000242903
  -0.0000831400    0.0000723303    0.0000658397
  -0.0000830200   -0.0001568197    0.0000042497
   0.0001847500   -0.0000270897    0.0000057397
  -0.0000680500   -0.0000196097    0.0000042397
  -0.0000520600    0.0000764203   -0.0001063303
  -0.0000523100   -0.0000443397    0.0000451997
   0.0000145700   -0.0000177597   -0.0000204803
  -0.0000367700   -0.0000215697   -0.0000081503
  -0.0044124800    0.0037995603   -0.0021868203
   0.0002101800    0.0000312303   -0.0000187603
   0.0001845300   -0.0003166597   -0.0001612803
   0.0000512600    0.0001120303   -0.0000743903
  -0.0000780000    0.0000097703    0.0000066897
   0.0000662500    0.0000282903    0.0000608997
  -0.0000315400   -0.0000888497    0.0000573997
   0.0000264800    0.0000453503   -0.0000022003
   0.0000921900   -0.0000179697   -0.0002238203
   0.0001595100    0.0004586303    0.0002577097
  -0.0000189100   -0.0000428397    0.0000543097
   0.0000072700   -0.0000531397   -0.0000397903
   0.0003904100   -0.0000423497    0.0001656997
   0.0001417200   -0.0000740897   -0.0001628703
  -0.0001004600    0.0000286703    0.0000063197
   0.0000487400   -0.0000431797   -0.0000325903
  -0.0001676000   -0.0000053797    0.0000082797
   0.0001188200    0.0000052903    0.0000556897
   0.0000290600   -0.0000647697    0.0000430997
  -0.0000281800    0.0000313403    0.0000021197
  -0.0012179100    0.0001695203   -0.0001136903
   0.0001839700    0.0000030903   -0.0000172203
   0.0001498800   -0.0004401597   -0.0001937203
  -0.0000087000    0.0001402803    0.0000245197

1    
 -0.0099999999986789   0.0173205080764515   0.0000000000000000
   0.0076121100   -0.0146649101    0.0097159599
  -0.0000673900   -0.0000273801    0.0000494699
  -0.0002668600    0.0004620099   -0.0000612701
   0.0000508900    0.0000331899    0.0000494699
   0.0000182500   -0.0000138201   -0.0000242801
  -0.0000472400    0.0000238699   -0.0000304801
  -0.0000542100    0.0000784299   -0.0000519501
   0.0000040700    0.0000385099   -0.0000222801
  -0.0005585100   -0.0002833201   -0.0006725901
  -0.0000388300   -0.0000877901    0.0000284899
   0.0000243900    0.0001575999    0.0001802599
   0.0000727300    0.0001514099    0.0000420999
   0.0000013900   -0.0001197601   -0.0000392601
  -0.0001046900   -0.0001081601   -0.0000827701
  -0.0000060300    0.0000549399   -0.0000103301
   0.0000204300    0.0000236799    0.0000331199
   0.0001035100   -0.0000804801   -0.0000850501
  -0.0000448400   -0.0000010901    0.0000479099
  -0.0000309700    0.0000491099    0.0000253199
   0.0001457000    0.0000340799   -0.0001296001
   0.0005241300   -0.0000917301   -0.0003868101
  -0.0001483000    0.0000188199    0.0000487699
  -0.0001676200    0.0001330799    0.0001352699
   0.0000952900    0.0000375999    0.0000596299
   0.0000738500   -0.0000511801    0.0000607099
  -0.0001101100   -0.0000776401   -0.0001051401
  -0.0001096300    0.0000687999   -0.0001632901
   0.0000658300    0.0000099299    0.0000034399
  -0.0004140900    0.0000414999   -0.0008331801
   0.0000501700   -0.0000424301    0.0000000499
   0.0000503700    0.0001097599    0.0001043399
   0.0000453700    0.0000289499    0.0000006499
  -0.0005486600    0.0015372299   -0.0001070401
  -0.0000315300    0.0000663199    0.0000501899
  -0.0010480100    0.0012211499    0.0004329399
   0.0000128800   -0.0000233701   -0.0000009201
   0.0000245500    0.0000143899   -0.0000447101
  -0.0000023800    0.0000220199   -0.0000479301
   0.0000002100    0.0000007399   -0.0000775701
   0.0000214200   -0.0000164601   -0.0000523201
  -0.0001745200   -0.0000053001    0.0001724099
   0.0000237800   -0.0001198001    0.0000761799
   0.0000720600    0.0009646299   -0.0007599401
  -0.0000470700    0.0000191899   -0.0000156501
  -0.0000610400    0.0000952299   -0.0001341701
   0.0000427900    0.0000347399   -0.0001026901
  -0.0000050900   -0.0000464101    0.0000012199
  -0.0000338400   -0.0000201201   -0.0000121701
  -0.0053561100    0.0066917999   -0.0032433201
   0.0000830200    0.0000659399   -0.0000074001
   0.0006036400   -0.0005846301   -0.0006254501
  -0.0000871700   -0.0000799601   -0.0001555201
  -0.0000285400    0.0000956299    0.0000789799
   0.0000533400    0.0000541199    0.0000992299
  -0.0000008400   -0.0001243301    0.0001132799
  -0.0000446800   -0.0000710901    0.0000493799
   0.0000766900    0.0001469399   -0.0002287401
   0.0001346800    0.0006070999    0.0001861499
  -0.0000823000   -0.0004198301    0.0004444799
  -0.0000295000   -0.0001649201   -0.0000729401
   0.0005000600   -0.0000220001    0.0002292899
  -0.0002095000    0.0001832099    0.0002007899
  -0.0000728700   -0.0000361601   -0.0001183901
   0.0000482200   -0.0001170001   -0.0000467101
  -0.0001370900    0.0000267999    0.0000493699
   0.0001053500    0.0000025599    0.0000862499
   0.0001145500   -0.0000357601    0.0001358999
  -0.0001299700    0.0000051299    0.0000665299
  -0.0008573100    0.0049423899   -0.0040652701
   0.0001329900    0.0000183499   -0.0001166101
   0.0003051200   -0.0008109501   -0.0002946801
  -0.0001564900   -0.0000230901   -0.0000291001

1    
  0.0099999999986789  -0.0173205080764515   0.0000000000000000
  -0.0080416000    0.0149730206   -0.0097628497
   0.0000373900    0.0000529606   -0.0000270597
   0.0002367300   -0.0004380294    0.0000845403
  -0.0000811400   -0.0000081594   -0.0000270397
  -0.0000479000    0.0000380006    0.0000496603
   0.0000175000    0.0000002306    0.0000557703
   0.0000246300   -0.0000547394    0.0000774303
  -0.0000338100   -0.0000150394    0.0000478503
   0.0005548100    0.0002500706    0.0007010403
   0.0000332500    0.0000500606   -0.0000035497
  -0.0000299500   -0.0001952694   -0.0001544597
  -0.0000796500   -0.0001910294   -0.0000172897
  -0.0000083100    0.0000825006    0.0000630703
   0.0000982400    0.0000698706    0.0001059503
  -0.0000007400   -0.0000942394    0.0000326603
  -0.0000277600   -0.0000628094   -0.0000106597
  -0.0000667800    0.0000941206    0.0001079803
   0.0000817100    0.0000142906   -0.0000250097
   0.0000680100   -0.0000356794   -0.0000023897
  -0.0001099000   -0.0000210294    0.0001536503
  -0.0004944500    0.0000990406    0.0004211403
   0.0001844800   -0.0000053894   -0.0000241297
   0.0002051600   -0.0001199394   -0.0001119197
  -0.0000601400   -0.0000236494   -0.0000348097
  -0.0000379700    0.0000377906   -0.0000856597
   0.0001457700    0.0000646606    0.0000807403
   0.0001462100   -0.0000824294    0.0001401203
  -0.0000303000   -0.0000231594   -0.0000278497
   0.0004558900   -0.0000581094    0.0008091703
  -0.0000148600    0.0000299906   -0.0000225597
  -0.0000147100   -0.0001233594   -0.0001281497
  -0.0000081700   -0.0000418994   -0.0000229197
   0.0005390000   -0.0014754194    0.0000750703
   0.0000249400   -0.0000294194   -0.0000751697
   0.0010625100   -0.0012009494   -0.0004636297
  -0.0000186900    0.0000612206   -0.0000237897
  -0.0000317500    0.0000236706    0.0000225903
  -0.0000051600    0.0000161606    0.0000260903
  -0.0000075800    0.0000379906    0.0000559903
  -0.0000288600    0.0000550306    0.0000304603
   0.0001444100   -0.0000206194   -0.0001936797
  -0.0000540700    0.0000939806   -0.0000989597
  -0.0001030900   -0.0010045994    0.0007488703
   0.0000180400   -0.0000442194   -0.0000065897
   0.0000320900   -0.0001200094    0.0001103203
  -0.0000731300   -0.0000598194    0.0000799703
  -0.0000241600    0.0000227206   -0.0000258597
   0.0000048600   -0.0000037994   -0.0000126297
   0.0057222200   -0.0071217494    0.0035381103
  -0.0000831300   -0.0000662594    0.0000073303
  -0.0006022700    0.0005858906    0.0006224703
   0.0000892800    0.0000818606    0.0001559803
   0.0000321200   -0.0000964694   -0.0000806597
  -0.0000497000   -0.0000544694   -0.0001002697
   0.0000048000    0.0001256306   -0.0001141197
   0.0000493100    0.0000727406   -0.0000506597
  -0.0000796000   -0.0001426394    0.0002278603
  -0.0001362400   -0.0006048094   -0.0001859797
   0.0000805900    0.0004256506   -0.0004478197
   0.0000269700    0.0001677906    0.0000720403
  -0.0005033700    0.0000227506   -0.0002305897
   0.0002137500   -0.0001858194   -0.0002058797
   0.0000736200    0.0000365906    0.0001188703
  -0.0000500200    0.0001179906    0.0000475403
   0.0001370900   -0.0000274694   -0.0000499797
  -0.0001054600   -0.0000034094   -0.0000870897
  -0.0001153000    0.0000344106   -0.0001375097
   0.0001305400   -0.0000059994   -0.0000678297
   0.0008707000   -0.0047853694    0.0038336003
  -0.0001340800   -0.0000216794    0.0001171703
  -0.0003077400    0.0008112606    0.0002971803
   0.0001549200    0.0000190106    0.0000287103

1    
  0.0000000000000000   0.0000000000000000   0.0200000000000000
  -0.0032265700    0.0092940901   -0.0101303701
  -0.0000113600    0.0000587401   -0.0000859001
   0.0000457800   -0.0000354299   -0.0000403301
  -0.0000512300    0.0000359301   -0.0000774501
  -0.0000044200   -0.0000247899    0.0001493999
   0.0000145700   -0.0000207999    0.0000998599
   0.0000093300   -0.0000485699    0.0000986299
  -0.0000178300   -0.0000301699    0.0000805599
   0.0009031900   -0.0000742399    0.0006722299
  -0.0000819600   -0.0000278999   -0.0000245401
  -0.0000161800   -0.0000532599   -0.0000693801
  -0.0000542700   -0.0001319599   -0.0000151901
  -0.0000008500    0.0000904401    0.0001595699
   0.0001170000    0.0000739601    0.0001295399
   0.0000013300   -0.0000637599    0.0000521299
  -0.0000100600   -0.0000312499    0.0000337599
  -0.0000325800    0.0000861501    0.0001595199
  -0.0000031400    0.0000217801    0.0000518299
   0.0000403300   -0.0000171899    0.0000334899
  -0.0000757900   -0.0000188699    0.0001296499
  -0.0006645700   -0.0004218799    0.0006679099
   0.0001843900   -0.0000186499   -0.0000689501
   0.0000468200   -0.0000130099   -0.0000145201
   0.0000339300    0.0000465701   -0.0000242001
  -0.0000557500    0.0000663701    0.0001577499
   0.0001694100    0.0000678601    0.0001166699
   0.0001105300   -0.0000545799    0.0001165599
   0.0000020600   -0.0000067299    0.0000023299
   0.0008331300   -0.0003878599    0.0009215999
  -0.0000976800    0.0000132101   -0.0000434901
   0.0000073600   -0.0000224499   -0.0000430301
   0.0000065200   -0.0000323499   -0.0000342101
   0.0001696200   -0.0003989099   -0.0003281401
   0.0000326100   -0.0000328899   -0.0001260601
  -0.0000625600    0.0000958301   -0.0003283401
   0.0000109000    0.0000134701   -0.0000893001
  -0.0000460000    0.0000718401    0.0001007599
  -0.0000319100    0.0000455101    0.0000793999
  -0.0000225100    0.0000468901    0.0001007099
  -0.0000317100    0.0000505201    0.0000598299
   0.0000006900    0.0000796001   -0.0001138701
   0.0000622000    0.0001541601   -0.0001138001
   0.0000030100   -0.0008966699    0.0003806199
   0.0000005000   -0.0000267399   -0.0000416401
   0.0000421500   -0.0001497799    0.0001668099
  -0.0001086700   -0.0000986399    0.0001672299
  -0.0000227900    0.0000080801    0.0000337499
  -0.0000105800   -0.0000143399    0.0000194699
   0.0021581700   -0.0025780299    0.0026801099
   0.0000232400    0.0000061401    0.0001498799
  -0.0001828000    0.0000533701    0.0003583199
   0.0000026700   -0.0000186699    0.0002460199
  -0.0000095200   -0.0000636999   -0.0002408301
  -0.0000443000   -0.0000374399   -0.0001636901
   0.0000499900    0.0001122601   -0.0001968701
   0.0000616100    0.0000874201   -0.0001453201
   0.0001940400   -0.0001070199    0.0000039499
  -0.0002856200   -0.0005943999   -0.0002890601
   0.0000608600    0.0002937301   -0.0003533401
  -0.0000044600    0.0000492301    0.0000216999
  -0.0006290700    0.0000325001   -0.0002330201
   0.0004042200   -0.0002096499   -0.0004361401
   0.0000165200   -0.0000328999   -0.0000016001
  -0.0000053600    0.0000578001    0.0000000799
   0.0000347600   -0.0000551899   -0.0003036401
  -0.0000527000   -0.0000177399   -0.0001864501
  -0.0000633100    0.0000285901   -0.0001727701
   0.0000878400    0.0000056601   -0.0001194101
   0.0001760100   -0.0043547499    0.0058335599
  -0.0000441000    0.0000031201    0.0002135699
  -0.0000639700    0.0000759301    0.0000725599
   0.0000088900   -0.0000035999    0.0001335399

1    
  0.0000000000000000   0.0000000000000000  -0.0200000000000000
   0.0031590096   -0.0095059693    0.0103918493
  -0.0000189004   -0.0000338293    0.0001090393
  -0.0000764104    0.0000625007    0.0000624793
   0.0000211996   -0.0000104593    0.0001002793
  -0.0000251604    0.0000487107   -0.0001245007
  -0.0000444604    0.0000448607   -0.0000749507
  -0.0000392004    0.0000729607   -0.0000737507
  -0.0000119004    0.0000543507   -0.0000555607
  -0.0008977404    0.0000324507   -0.0006432307
   0.0000759096   -0.0000100893    0.0000494093
   0.0000101296    0.0000156207    0.0000944193
   0.0000483296    0.0000941007    0.0000403393
  -0.0000057904   -0.0001296993   -0.0001370907
  -0.0001248904   -0.0001135493   -0.0001075207
  -0.0000080304    0.0000257507   -0.0000289907
   0.0000034396   -0.0000071093   -0.0000107007
   0.0000698896   -0.0000727793   -0.0001371107
   0.0000399796   -0.0000083893   -0.0000293107
  -0.0000033304    0.0000305707   -0.0000109407
   0.0001130396    0.0000322707   -0.0001073907
   0.0007092796    0.0004443307   -0.0006475207
  -0.0001502204    0.0000326707    0.0000948393
  -0.0000124904    0.0000273307    0.0000409593
   0.0000020296   -0.0000327593    0.0000497293
   0.0000906196   -0.0000792493   -0.0001812907
  -0.0001339304   -0.0000810293   -0.0001414907
  -0.0000752604    0.0000414607   -0.0001415807
   0.0000334096   -0.0000065493   -0.0000271907
  -0.0008093004    0.0003826407   -0.0009624907
   0.0001348696   -0.0000263893    0.0000214693
   0.0000300496    0.0000102407    0.0000219593
   0.0000302396    0.0000196007    0.0000121993
  -0.0001750004    0.0004374307    0.0003068993
  -0.0000390704    0.0000706207    0.0001018793
   0.0000492796   -0.0000497093    0.0003067393
  -0.0000169504    0.0000239007    0.0000648193
   0.0000389196   -0.0000332793   -0.0001231407
   0.0000247196   -0.0000070693   -0.0001017707
   0.0000153496   -0.0000088693   -0.0001232207
   0.0000245196   -0.0000124693   -0.0000823507
  -0.0000303104   -0.0001048093    0.0000913193
  -0.0000919604   -0.0001797193    0.0000913493
  -0.0000318304    0.0008654807   -0.0004047307
  -0.0000301804    0.0000013007    0.0000192093
  -0.0000721004    0.0001269707   -0.0001928607
   0.0000797496    0.0000747907   -0.0001924707
  -0.0000064304   -0.0000327493   -0.0000580607
  -0.0000189604   -0.0000101393   -0.0000438507
  -0.0020997204    0.0025024207   -0.0026833407
  -0.0000224204   -0.0000055393   -0.0001502707
   0.0001842296   -0.0000538993   -0.0003579807
  -0.0000017104    0.0000188007   -0.0002469907
   0.0000131696    0.0000647207    0.0002407593
   0.0000486396    0.0000382807    0.0001637393
  -0.0000465204   -0.0001131993    0.0001968093
  -0.0000580404   -0.0000875993    0.0001448793
  -0.0001957004    0.0001101507   -0.0000036707
   0.0002836396    0.0005979407    0.0002893793
  -0.0000634004   -0.0002919093    0.0003541093
   0.0000024896   -0.0000461093   -0.0000217807
   0.0006327996   -0.0000320193    0.0002338393
  -0.0004064904    0.0002113407    0.0004372693
  -0.0000179604    0.0000335607   -0.0000001207
   0.0000053296   -0.0000576793   -0.0000017607
  -0.0000354304    0.0000541207    0.0003034293
   0.0000525996    0.0000168507    0.0001864193
   0.0000632496   -0.0000293893    0.0001728993
  -0.0000882604   -0.0000064593    0.0001193593
  -0.0002002604    0.0046500807   -0.0060571807
   0.0000429896   -0.0000063493   -0.0002152407
   0.0000636996   -0.0000840893   -0.0000762907
  -0.0000110704   -0.0000002793   -0.0001343807

49   
 -0.0099999999986789   0.0173205080764515   0.0000000000000000
  -0.0057994107    0.0071067300   -0.0034054700
   0.0000632593    0.0000756500    0.0000050800
   0.0003516193   -0.0007076300    0.0001504300
  -0.0000866907   -0.0000588400   -0.0000060900
  -0.0000632607    0.0000978000   -0.0000376400
  -0.0000067707    0.0000410400    0.0000029600
   0.0000457393   -0.0000764800    0.0000859000
  -0.0000415107   -0.0000483000    0.0000584200
  -0.0003763807    0.0011682000    0.0001744600
   0.0001451293    0.0000758500    0.0000225100
   0.0000478293   -0.0002028000   -0.0000314700
  -0.0001581107   -0.0002839700   -0.0000514200
  -0.0000342207    0.0001570100    0.0000463600
   0.0000986593    0.0000722100    0.0000994200
   0.0000100293   -0.0001489100   -0.0000414600
  -0.0000893207   -0.0001025100   -0.0000520800
  -0.0000363407    0.0000308700   -0.0000085100
   0.0000961393   -0.0000227800   -0.0000363300
   0.0000865193   -0.0000034500    0.0000311500
  -0.0002137307   -0.0000438700    0.0003000100
  -0.0005755807   -0.0002028400    0.0006726200
   0.0001760893   -0.0000343100   -0.0000269900
   0.0004253893   -0.0001745300   -0.0002722300
  -0.0001468307    0.0000668000    0.0000088400
   0.0000959693   -0.0000691500   -0.0002082900
  -0.0000626607   -0.0000324200   -0.0000736300
   0.0001542493   -0.0001145700    0.0002721000
  -0.0000109907   -0.0000325100   -0.0000090200
   0.0005202293   -0.0001692000    0.0006193700
  -0.0000549607    0.0000674900   -0.0000282900
  -0.0001933607   -0.0002919400   -0.0004163500
   0.0000673993   -0.0000348800   -0.0000057800
   0.0003965493   -0.0007377800   -0.0001129500
  -0.0000418107   -0.0000609000   -0.0000381700
  -0.0038055807    0.0031147400    0.0038702000
   0.0000634893    0.0001262400   -0.0000056000
   0.0000135593   -0.0000724900   -0.0000679400
  -0.0000079707   -0.0000413500   -0.0000223500
  -0.0000160607    0.0001177800    0.0000538900
  -0.0000322207    0.0000834400    0.0000278000
   0.0001081993   -0.0002151200   -0.0000264900
  -0.0001970707   -0.0001437400   -0.0000568800
   0.0011091893    0.0030366600   -0.0011420800
   0.0001165593    0.0000251000    0.0000054900
   0.0000366593   -0.0001405900    0.0000934200
  -0.0001085807   -0.0000845000    0.0001097200
  -0.0000458307    0.0000845900   -0.0000735800
   0.0000421493    0.0000391700   -0.0000682900
   0.0094055893   -0.0173476300    0.0007154500
  -0.0002912007   -0.0001846500   -0.0000166300
  -0.0005676707    0.0008589200    0.0001074400
   0.0002960193    0.0003610000    0.0000612300
   0.0000552893   -0.0002082700   -0.0000125400
  -0.0000600807   -0.0001306700   -0.0000555900
  -0.0000348407    0.0002234600   -0.0000112400
   0.0000721893    0.0001619200   -0.0000041900
  -0.0003442507    0.0000660500    0.0001406200
   0.0003898093    0.0002950000    0.0004206500
   0.0003853393    0.0009709700   -0.0008355300
  -0.0000771607    0.0001366900   -0.0000120000
  -0.0004763107    0.0000578400   -0.0002300800
   0.0003920093   -0.0003292400   -0.0003503800
   0.0003909793   -0.0000123500    0.0002411400
  -0.0002219607    0.0001505700    0.0002188400
   0.0000900493    0.0000760500    0.0002443600
  -0.0000199407    0.0000363500    0.0000613200
  -0.0001847607   -0.0000812500   -0.0002799400
   0.0001886093   -0.0000100200   -0.0001043200
  -0.0004568207    0.0020670400   -0.0019031800
  -0.0000795907   -0.0000236700    0.0000868100
  -0.0010314907    0.0017263400    0.0011732800
   0.0001148493   -0.0000954600   -0.0000402900

49   
  0.0099999999986789  -0.0173205080764515   0.0000000000000000
   0.0053958101   -0.0066397600    0.0031294400
  -0.0000918699   -0.0000504500    0.0000173300
  -0.0003825599    0.0007350200   -0.0001263800
   0.0000572201    0.0000839000    0.0000281500
   0.0000341901   -0.0000732700    0.0000618900
  -0.0000216799   -0.0000169400    0.0000217000
  -0.0000744599    0.0001005400   -0.0000615500
   0.0000125801    0.0000722200   -0.0000336700
   0.0003309001   -0.0012361600   -0.0002018100
  -0.0001509699   -0.0001124000    0.0000022100
  -0.0000551299    0.0001653300    0.0000552700
   0.0001521201    0.0002449900    0.0000759200
   0.0000267601   -0.0001944200   -0.0000242300
  -0.0001060199   -0.0001100600   -0.0000770600
  -0.0000175199    0.0001107000    0.0000635400
   0.0000818601    0.0000644000    0.0000741200
   0.0000714201   -0.0000167200    0.0000319500
  -0.0000584299    0.0000352100    0.0000579200
  -0.0000499399    0.0000157100   -0.0000095300
   0.0002490201    0.0000557100   -0.0002753400
   0.0006092001    0.0002154400   -0.0006449800
  -0.0001405299    0.0000473300    0.0000516800
  -0.0003885099    0.0001855900    0.0002967500
   0.0001818901   -0.0000544400    0.0000153100
  -0.0000605599    0.0000564200    0.0001818600
   0.0000999901    0.0000211800    0.0000510000
  -0.0001168899    0.0001013200   -0.0002967200
   0.0000451601    0.0000200600   -0.0000155200
  -0.0004834699    0.0001572300   -0.0006420500
   0.0000913101   -0.0000791200    0.0000065800
   0.0002296801    0.0002781600    0.0003947100
  -0.0000310999    0.0000226900   -0.0000160700
  -0.0004033099    0.0007761900    0.0000899400
   0.0000352001    0.0000974500    0.0000139900
   0.0039406001   -0.0031389400   -0.0041147100
  -0.0000707899   -0.0000892000   -0.0000181000
  -0.0000216499    0.0001097400    0.0000459600
   0.0000002901    0.0000789400    0.0000008200
   0.0000084001   -0.0000808900   -0.0000754800
   0.0000241601   -0.0000457700   -0.0000494000
  -0.0001361499    0.0001900000    0.0000042100
   0.0001677701    0.0001202100    0.0000340900
  -0.0011771299   -0.0030564000    0.0011289100
  -0.0001460199   -0.0000510900   -0.0000271000
  -0.0000650099    0.0001165400   -0.0001176300
   0.0000800701    0.0000601200   -0.0001334000
   0.0000176601   -0.0001088000    0.0000493900
  -0.0000705099   -0.0000634700    0.0000441000
  -0.0090885399    0.0169822800   -0.0001318100
   0.0002921501    0.0001852700    0.0000149300
   0.0005703201   -0.0008603000   -0.0001064500
  -0.0002949399   -0.0003599900   -0.0000612700
  -0.0000512499    0.0002082100    0.0000119900
   0.0000639501    0.0001308800    0.0000549200
   0.0000386701   -0.0002231100    0.0000109500
  -0.0000680599   -0.0001612400    0.0000034000
   0.0003396201   -0.0000631500   -0.0001398900
  -0.0003897999   -0.0002964000   -0.0004216900
  -0.0003943299   -0.0009641900    0.0008364900
   0.0000765601   -0.0001328900    0.0000127700
   0.0004752201   -0.0000574400    0.0002291200
  -0.0003911099    0.0003282500    0.0003488300
  -0.0003920999    0.0000136900   -0.0002410300
   0.0002214101   -0.0001496000   -0.0002190800
  -0.0000877299   -0.0000770100   -0.0002434100
   0.0000183601   -0.0000376000   -0.0000622700
   0.0001843001    0.0000813200    0.0002808400
  -0.0001872599    0.0000090700    0.0001037100
   0.0004452401   -0.0020594800    0.0018882900
   0.0000771201    0.0000198200   -0.0000872800
   0.0010343201   -0.0017283500   -0.0011900400
  -0.0001151799    0.0000919200    0.0000399700

49   
  0.0000000000000000   0.0000000000000000   0.0200000000000000
   0.0021986796   -0.0025769304    0.0026975001
   0.0000036296    0.0000149796    0.0001613501
   0.0001469796   -0.0006137504    0.0003694701
   0.0000593096   -0.0001240904    0.0002575301
  -0.0000221504    0.0000997596   -0.0002282599
  -0.0000762704    0.0000916796   -0.0001509499
  -0.0000729404    0.0001099996   -0.0001842399
  -0.0000131204    0.0000706996   -0.0001323699
   0.0039386596    0.0024208696    0.0060748801
   0.0000505396   -0.0000162604    0.0001468701
   0.0000965696    0.0000587896    0.0002273601
   0.0000988696    0.0002623796    0.0000874301
  -0.0000444504   -0.0000534904   -0.0002917999
  -0.0000680804   -0.0000596404   -0.0001080199
  -0.0000338704   -0.0001020704   -0.0001752699
  -0.0000965004   -0.0001231904   -0.0001612499
   0.0002212496   -0.0002974804   -0.0004249499
  -0.0000282904   -0.0000036304    0.0000124801
  -0.0001005304    0.0000826896    0.0000109501
   0.0002485196    0.0000661496   -0.0002212699
   0.0002046996    0.0001975296   -0.0002772499
  -0.0000545904    0.0000031396    0.0000341201
   0.0004649796   -0.0001883504   -0.0003421599
  -0.0002093604   -0.0001182104    0.0000163701
   0.0002471896   -0.0001332004   -0.0000083999
  -0.0004274304   -0.0002008804   -0.0003649499
  -0.0001675304    0.0001848696   -0.0003008399
   0.0000902996   -0.0000103904    0.0000096901
  -0.0002114004    0.0000524696   -0.0002452999
   0.0001366196    0.0000692596   -0.0000121199
  -0.0001854904   -0.0003099904   -0.0004481099
   0.0000658996   -0.0000167804   -0.0000103199
  -0.0001055904    0.0003028896    0.0000618101
  -0.0001025704    0.0000961196    0.0002018501
  -0.0036969504    0.0022926796    0.0058162001
  -0.0000565804    0.0000210196    0.0001213801
   0.0000895896   -0.0000851304   -0.0001840899
   0.0000267396   -0.0000631804   -0.0001972599
   0.0000370596   -0.0000143304   -0.0003148899
   0.0000610896   -0.0000210304   -0.0001303899
  -0.0000893404   -0.0001496504    0.0002358601
  -0.0001775204   -0.0006397204    0.0003472101
  -0.0022789604   -0.0026610204    0.0026661501
  -0.0000333504   -0.0000105804    0.0001391701
  -0.0000163404    0.0000467696   -0.0001575199
   0.0000431996    0.0000855896   -0.0002090499
  -0.0000071604    0.0000759796   -0.0002529699
   0.0000467696    0.0000677296   -0.0001761299
  -0.0002049004    0.0004844296   -0.0195524699
   0.0000004296   -0.0000181104   -0.0002996199
  -0.0000448104    0.0000968896   -0.0005622599
   0.0000465496    0.0000975496   -0.0005610499
   0.0000017196   -0.0000139904    0.0006104701
   0.0000018696   -0.0000636704    0.0002672701
   0.0000092596   -0.0000084404    0.0003421001
  -0.0000053304   -0.0000084704    0.0003414501
  -0.0001423404    0.0001289496   -0.0003397199
   0.0008396296    0.0017116796    0.0008930901
  -0.0004244704   -0.0011228504    0.0008893201
   0.0000114396   -0.0001060804   -0.0002353299
   0.0002291396   -0.0000121004    0.0002278501
  -0.0002407804   -0.0001412904    0.0004587101
   0.0003491596    0.0001213896    0.0004582401
  -0.0002194004    0.0000554396    0.0003582001
  -0.0003497504    0.0001223696    0.0004593501
   0.0002187196    0.0000545696    0.0003573601
   0.0002416396   -0.0001436304    0.0004588901
  -0.0002298304   -0.0000129204    0.0002272301
   0.0004181396   -0.0011198404    0.0008952601
  -0.0000131304   -0.0001094004   -0.0002339999
  -0.0008321504    0.0017009296    0.0008914901
   0.0001384296    0.0001255396   -0.0003373399
