[radial_distribution_histogram]
center=CM
start=0
stop=3.5
size=1000

[simulation]
time_step=0.001
atom_mass=55.845000
atom_mass=55.845000
atom_mass=15.999400
atom_mass=15.9994
atom_mass=1.008

