72   
9    

1    
  0.0100000000000000   0.0000000000000000   0.0000000000000000
  -0.1502016300    0.1340638200   -0.0923663800
   0.0030794500   -0.0009762600   -0.0003731200
   0.0038283200   -0.0064812100    0.0009412700
   0.0006182800    0.0007168800   -0.0013183500
   0.0002134500   -0.0005084700   -0.0001717000
   0.0020913300   -0.0011084700    0.0003081800
   0.0014115600   -0.0016401800    0.0001531000
   0.0010085900   -0.0003340300   -0.0005137500
   0.0114542500    0.0009999300    0.0187706000
   0.0022629300    0.0017885900   -0.0015467700
  -0.0002875300   -0.0003999600   -0.0019439800
   0.0002948800    0.0014867000   -0.0004460900
  -0.0004287700    0.0008223900   -0.0013848400
   0.0020927500    0.0028036500    0.0013805200
  -0.0001883500    0.0004523900   -0.0005872000
   0.0000074800    0.0016601900   -0.0002520500
  -0.0034723600    0.0009131700    0.0019184800
   0.0003448300   -0.0007976600   -0.0013843500
  -0.0006195900   -0.0013058000   -0.0005808000
  -0.0018675600   -0.0005499600    0.0000625900
  -0.0012558800    0.0062556700   -0.0117434900
   0.0022904100   -0.0010777100   -0.0011550800
   0.0014117000   -0.0021139000   -0.0023498100
  -0.0020932500    0.0007256800    0.0003091100
  -0.0026255200    0.0004535900   -0.0015023100
   0.0020081200    0.0019554400    0.0027764800
  -0.0011047600    0.0001938600    0.0007970400
  -0.0014037200    0.0007376400    0.0003077900
   0.0073588300   -0.0064925000    0.0195884900
   0.0006727100    0.0009644500    0.0005637100
  -0.0025085300   -0.0008744400   -0.0014713000
  -0.0007009600    0.0009295500    0.0008704400
   0.0025513000   -0.0008725700   -0.0012162000
   0.0025829500    0.0041079600   -0.0000777500
  -0.0037601500    0.0006248500    0.0003395700
   0.0024496000    0.0008799500    0.0000933500
   0.0020183400   -0.0016811300    0.0030394000
   0.0020056000    0.0014543300   -0.0006887300
   0.0004535000    0.0008848200    0.0006411700
   0.0017569800    0.0010028000    0.0003311400
   0.0001382800   -0.0168597500    0.0006195300
   0.0010787200   -0.0014955300   -0.0002158600
   0.0124429800   -0.0241834600   -0.0056504000
   0.0018636600    0.0004225900    0.0004685400
  -0.0007922800   -0.0013473700    0.0009392000
   0.0005543700   -0.0011110600    0.0007376000
  -0.0000999400   -0.0017257700    0.0009390600
   0.0000029400   -0.0008707900    0.0008200600
   0.1045757500   -0.0871072900    0.0579297900
  -0.0048939700   -0.0007479700    0.0004735400
  -0.0049716200    0.0074871200    0.0041302600
  -0.0010650000   -0.0024301500    0.0018484800
   0.0016987300   -0.0000611600   -0.0001979700
  -0.0015675800   -0.0008408800   -0.0015373700
   0.0010826600    0.0021530800   -0.0015202800
  -0.0005243400   -0.0009564200    0.0000014400
  -0.0019271300    0.0005308100    0.0047108800
  -0.0036214000   -0.0117782100   -0.0065907100
   0.0005090000    0.0011312500   -0.0014431700
  -0.0002894000    0.0012653400    0.0009008500
  -0.0100687300    0.0011561100   -0.0043945800
  -0.0031984000    0.0012842100    0.0033777600
   0.0025672600   -0.0007913200   -0.0000861700
  -0.0013923200    0.0009748400    0.0008606800
   0.0307480100   -0.0118366000    0.0101582600
  -0.0043108100   -0.0001603300    0.0006428100
  -0.0033870800    0.0108482200    0.0055813800
   0.0000410300   -0.0032386200   -0.0005856900
   0.0039067600    0.0000503200   -0.0005003700
  -0.0028614800   -0.0001389700   -0.0014135100
  -0.0006314300    0.0014193300   -0.0009944600
   0.0006431400   -0.0007056400   -0.0001279800

1    
 -0.0100000000000000   0.0000000000000000   0.0000000000000000
   0.1502627400   -0.1304584600    0.0882093200
  -0.0007834000   -0.0004295300   -0.0005222300
  -0.0015189800    0.0050265700   -0.0018522400
   0.0016639300   -0.0021663700    0.0004061700
   0.0020886800   -0.0009237000   -0.0007437400
   0.0002466100   -0.0003373500   -0.0012159300
   0.0009030400    0.0001966500   -0.0010620500
   0.0012935700   -0.0011016000   -0.0004096700
  -0.0111724300    0.0016385500   -0.0193526100
  -0.0021771900    0.0009306400    0.0006614000
   0.0004117600    0.0030967200    0.0010376400
  -0.0001948300    0.0012368000   -0.0004721600
   0.0005241200    0.0018860500    0.0004779700
  -0.0019888400   -0.0000955000   -0.0022865800
   0.0003078400    0.0022486400   -0.0003246200
   0.0000830100    0.0010370900   -0.0006692100
   0.0010276800   -0.0021791400   -0.0028045400
  -0.0027416100   -0.0005233100    0.0004636100
  -0.0017888400    0.0000310000   -0.0003214800
  -0.0005522100   -0.0007349200   -0.0009754300
  -0.0012338300   -0.0074808300    0.0108294100
  -0.0046549300   -0.0001866000    0.0002257700
  -0.0037894100    0.0008369700    0.0014162100
  -0.0003098100   -0.0019818000   -0.0012283600
   0.0002215900    0.0008158800    0.0024376000
  -0.0043755900   -0.0007066800   -0.0018605300
  -0.0013130200    0.0010979600    0.0001182900
  -0.0009945900    0.0005459700    0.0006308000
  -0.0097311400    0.0077973300   -0.0187970900
  -0.0030951600    0.0003170500    0.0003357000
   0.0001152400    0.0021509800    0.0023744000
  -0.0017034700    0.0003217200    0.0000129900
  -0.0002990100    0.0023149000    0.0021257800
  -0.0003124400   -0.0026375600    0.0009746700
   0.0059896600    0.0007969200    0.0005429200
  -0.0001466900    0.0005455000    0.0008556500
   0.0002876300    0.0031024900   -0.0021017800
   0.0002517800   -0.0000177600    0.0016104100
   0.0018422400    0.0005676600    0.0002513000
   0.0005763600    0.0004159300    0.0006036200
   0.0000846900    0.0141674700    0.0002348100
  -0.0009515800   -0.0011972700    0.0011141900
  -0.0121721500    0.0211273900    0.0064800700
  -0.0017511600   -0.0031270300    0.0004277700
   0.0008867600   -0.0013986600   -0.0000186900
  -0.0004507100   -0.0016025500    0.0001878400
   0.0002063700   -0.0009681000   -0.0000239300
   0.0000963100   -0.0018529300    0.0000936200
  -0.1029336500    0.0832557000   -0.0553882800
   0.0049322200    0.0007909100   -0.0004370500
   0.0049522600   -0.0074360900   -0.0040636800
   0.0010652800    0.0024153000   -0.0018442600
  -0.0016861900    0.0000358400    0.0001664300
   0.0015539600    0.0008246700    0.0015318300
  -0.0010770500   -0.0021629100    0.0015194400
   0.0005016600    0.0009680200   -0.0000126200
   0.0019073700   -0.0006296200   -0.0047357400
   0.0036085200    0.0116922100    0.0065571400
  -0.0005192000   -0.0011520100    0.0014295200
   0.0002875100   -0.0013009800   -0.0009010200
   0.0100064900   -0.0011782900    0.0043857700
   0.0032460600   -0.0013296600   -0.0034472500
  -0.0025514400    0.0007762400    0.0000733500
   0.0014301900   -0.0009773400   -0.0008585200
  -0.0305233900    0.0112334200   -0.0095144000
   0.0043480900    0.0001759200   -0.0006009400
   0.0033788800   -0.0107874300   -0.0055399100
  -0.0000771100    0.0032360800    0.0005842200
  -0.0038761000   -0.0000465900    0.0004790900
   0.0028680200    0.0001205800    0.0013991400
   0.0006329400   -0.0013694200    0.0009855500
  -0.0006438800    0.0007022800    0.0001351400

1    
 -0.0049999999999535   0.0086602540378712   0.0000000000000000
   0.1867642000   -0.3505674000    0.2398374800
  -0.0000716300   -0.0016472000    0.0004368200
  -0.0051959400    0.0104989000   -0.0023529000
   0.0026275700   -0.0002690900    0.0004374700
   0.0017866100   -0.0012845600   -0.0013121200
   0.0003563500   -0.0004715100   -0.0014570600
   0.0002183000    0.0008329100   -0.0019624300
   0.0015332900   -0.0000376000   -0.0013058300
  -0.0128435400   -0.0061190600   -0.0172230600
  -0.0009092900   -0.0002548000   -0.0000166400
   0.0006069700    0.0056456700    0.0035331000
   0.0018732800    0.0053539100    0.0003667100
   0.0001839200   -0.0011758600   -0.0019000200
  -0.0024880600   -0.0008836600   -0.0028880500
   0.0000246600    0.0030905200   -0.0007187300
   0.0006879500    0.0023631700    0.0001201800
   0.0009139300   -0.0026429800   -0.0027415000
  -0.0026891800   -0.0008267900    0.0003888100
  -0.0024092600    0.0003715800   -0.0000996600
   0.0019960700    0.0001640900   -0.0037745800
   0.0116789500   -0.0019762400   -0.0116514700
  -0.0051833400   -0.0002846400    0.0004932000
  -0.0055777500    0.0021806600    0.0027175400
   0.0006726200    0.0000331800    0.0005400800
   0.0000361100   -0.0003309400    0.0019592300
  -0.0042465500   -0.0010550500   -0.0019333000
  -0.0042483900    0.0025175400   -0.0033419400
  -0.0000935500    0.0010086900    0.0008334200
  -0.0138681100    0.0031520700   -0.0205158400
  -0.0001871900   -0.0002915900    0.0008867000
  -0.0001627500    0.0033652300    0.0033974400
  -0.0007042300    0.0014658300    0.0006164200
  -0.0025205500    0.0006721100    0.0046313800
   0.0017653000   -0.0017939600    0.0022980900
   0.0035602100    0.0241845200   -0.0190261200
   0.0003389600    0.0014024400    0.0003354300
   0.0000801300    0.0035606500   -0.0027406600
   0.0027453600    0.0020022600   -0.0018694200
   0.0013400100   -0.0001694400    0.0008690900
   0.0006044900    0.0003936000    0.0005692300
  -0.0138393500    0.0366736000   -0.0002146400
  -0.0005836300   -0.0002268500    0.0019396600
  -0.0258128800    0.0291009100    0.0101453500
   0.0004717500   -0.0022891900    0.0006847700
   0.0007616800   -0.0014882500   -0.0004054900
   0.0001142700   -0.0013379600   -0.0004559600
   0.0000803400   -0.0018408900   -0.0010080200
   0.0006393500   -0.0021992300   -0.0005241700
  -0.1215422900    0.1470027000   -0.0804457000
   0.0019895000    0.0016782800   -0.0000539800
   0.0148165100   -0.0143640500   -0.0148314700
  -0.0020039200   -0.0018329700   -0.0036613000
  -0.0003720800    0.0022567500    0.0017794600
   0.0012855000    0.0014851500    0.0022908700
  -0.0004000300   -0.0030423800    0.0026985000
  -0.0011731500   -0.0018083600    0.0012267000
   0.0018365900    0.0031012900   -0.0049644000
   0.0028182900    0.0140708900    0.0049626300
  -0.0027075700   -0.0105629700    0.0101987500
  -0.0004858500   -0.0038818200   -0.0017444000
   0.0125051400   -0.0008398200    0.0059515700
  -0.0061813100    0.0045035200    0.0052017300
  -0.0020146700   -0.0007260300   -0.0029921600
   0.0016191300   -0.0025431000   -0.0013365000
  -0.0265569800    0.1267134800   -0.0972369800
   0.0029800200    0.0005109000   -0.0029082600
   0.0070024600   -0.0198581200   -0.0082485000
  -0.0034719600   -0.0005863700   -0.0004817400
  -0.0031417600    0.0006864000    0.0012547400
   0.0025093900    0.0001011300    0.0019616200
   0.0028613300   -0.0006765300    0.0031269800
  -0.0029997400    0.0000427100    0.0016538400

1    
  0.0049999999999535  -0.0086602540378712   0.0000000000000000
  -0.1935485500    0.3538548000   -0.2417050200
   0.0014852800    0.0001410900   -0.0008473600
   0.0066606900   -0.0120725400    0.0019301300
  -0.0012572700   -0.0012626000   -0.0008563300
  -0.0003273300   -0.0002188200    0.0009057200
   0.0010583600   -0.0010627600    0.0010921100
   0.0012269100   -0.0023872800    0.0015825600
  -0.0001677900   -0.0014868100    0.0009420000
   0.0134715400    0.0082338500    0.0168598800
   0.0015495200    0.0022182000   -0.0003909000
   0.0000087900   -0.0036686500   -0.0039424600
  -0.0012897000   -0.0034123400   -0.0007901600
   0.0003982100    0.0032267400    0.0015004100
   0.0031037600    0.0029046400    0.0024852200
   0.0006197500   -0.0011714800    0.0003319900
  -0.0000855000   -0.0003855800   -0.0005326900
  -0.0029223100    0.0022549600    0.0024149500
   0.0006775000    0.0003602400   -0.0007679300
   0.0003763400   -0.0008732700   -0.0002989000
  -0.0040805900   -0.0006663800    0.0034062900
  -0.0138048000    0.0014351400    0.0114774200
   0.0032275400   -0.0001452000   -0.0009003200
   0.0036245400   -0.0026860700   -0.0031731200
  -0.0027035000   -0.0004714700   -0.0009494100
  -0.0020443000    0.0007786200   -0.0015479100
   0.0022156900    0.0015939200    0.0024000800
   0.0022560500   -0.0020704500    0.0037993800
  -0.0019188500   -0.0005664000   -0.0004145800
   0.0119273500   -0.0027815400    0.0208046000
  -0.0018794100    0.0007943000   -0.0004761500
  -0.0018644200   -0.0029407500   -0.0030331900
  -0.0013234200   -0.0010193200   -0.0002218400
   0.0039238800    0.0008215500   -0.0042249300
  -0.0004109800    0.0033100300   -0.0019320900
  -0.0021812500   -0.0229947100    0.0197158900
   0.0010731600    0.0001074000    0.0000579200
   0.0013592300   -0.0020818400    0.0031842300
  -0.0014287800   -0.0005188400    0.0023078600
   0.0000349200    0.0017039500   -0.0004824000
   0.0008025500    0.0011166900   -0.0001718200
   0.0144354100   -0.0379875600    0.0004029600
   0.0012268600   -0.0017586700   -0.0015839700
   0.0269241400   -0.0315940800   -0.0098568500
   0.0001251000    0.0002642500   -0.0002739700
  -0.0001665300   -0.0005556400    0.0008497800
   0.0005043700   -0.0006823400    0.0008794700
   0.0005378800   -0.0001176600    0.0014451900
  -0.0000758000    0.0001574500    0.0009925200
   0.1290918400   -0.1554870500    0.0872404900
  -0.0019696100   -0.0016994800    0.0000852900
  -0.0147921100    0.0144409800    0.0148189300
   0.0020840500    0.0018793600    0.0037456500
   0.0004227900   -0.0023126900   -0.0018427600
  -0.0012437000   -0.0015313600   -0.0023600300
   0.0004350200    0.0030803300   -0.0027567600
   0.0012362200    0.0018596500   -0.0012706000
  -0.0018742400   -0.0031255500    0.0049684300
  -0.0027728700   -0.0141164800   -0.0049639500
   0.0027081000    0.0106515800   -0.0102739200
   0.0004609600    0.0039049700    0.0017656400
  -0.0125847000    0.0008301300   -0.0060004500
   0.0063154900   -0.0046037500   -0.0053368500
   0.0020546000    0.0007233400    0.0030122000
  -0.0016400500    0.0025839900    0.0013895000
   0.0265730900   -0.1224756400    0.0917087400
  -0.0030231700   -0.0005418900    0.0029923300
  -0.0070660800    0.0199862800    0.0083627500
   0.0034752100    0.0005496600    0.0005156100
   0.0031671900   -0.0007320100   -0.0012669100
  -0.0025645200   -0.0001319600   -0.0020233800
  -0.0029063500    0.0006840900   -0.0032054400
   0.0030586000   -0.0000533000   -0.0016987600

1    
  0.0000000000000000   0.0000000000000000   0.0100000000000000
  -0.0905509500    0.2232965900   -0.2402419500
   0.0003341200    0.0002465800   -0.0021724100
   0.0017174200   -0.0021837600   -0.0009227000
  -0.0005972300   -0.0002672600   -0.0020218800
   0.0006196300   -0.0016231000    0.0030637300
   0.0010120800   -0.0015409000    0.0020513200
   0.0008955100   -0.0022156700    0.0020305500
   0.0001836600   -0.0018147500    0.0016866500
   0.0232084800    0.0006906800    0.0170973500
  -0.0012147700    0.0005181200   -0.0007720100
   0.0002579500   -0.0003011500   -0.0017979700
  -0.0007842000   -0.0022694000   -0.0007688000
   0.0004847100    0.0033451700    0.0037046600
   0.0033752300    0.0028751100    0.0029322800
   0.0006700000   -0.0004350900    0.0008826500
   0.0003554300    0.0003735500    0.0005401700
  -0.0022649900    0.0021170700    0.0037682400
  -0.0010919700    0.0004814300    0.0008622900
  -0.0002792100   -0.0004757600    0.0005143200
  -0.0033029900   -0.0005987100    0.0029371300
  -0.0174981500   -0.0119443300    0.0171164600
   0.0031690700   -0.0003535500   -0.0017404200
  -0.0000186800   -0.0003275100   -0.0007267800
  -0.0003753300    0.0012361600   -0.0007242900
  -0.0023621800    0.0012905600    0.0030075000
   0.0029346700    0.0017610000    0.0033708100
   0.0015461800   -0.0014489000    0.0033247700
  -0.0012000300   -0.0001965500    0.0002789400
   0.0200041300   -0.0102760200    0.0216478900
  -0.0038033300    0.0003448000   -0.0009792800
  -0.0012550200   -0.0005502000   -0.0009715400
  -0.0010148600   -0.0007770000   -0.0005553000
   0.0008438200    0.0026470000   -0.0022988600
   0.0019560600    0.0046486600   -0.0022943800
   0.0004548600   -0.0219910000    0.0114197600
   0.0006588000    0.0004177900   -0.0006840200
   0.0014105700   -0.0025679900    0.0042641100
  -0.0023737100   -0.0014361100    0.0042539900
   0.0000236000    0.0014032600    0.0010033300
   0.0003600300    0.0008389100    0.0005455300
   0.0042849600   -0.0098072600   -0.0079907000
   0.0014120000   -0.0018789600   -0.0027228100
   0.0001103500   -0.0000796800   -0.0080218700
   0.0007928000   -0.0008315500   -0.0017612200
  -0.0004439300    0.0004390600    0.0024954900
  -0.0000839100    0.0000237000    0.0021062500
   0.0001738400    0.0001284200    0.0024775500
  -0.0001079300    0.0000569900    0.0015906000
   0.0559116600   -0.0636959400    0.0715055900
   0.0005106400    0.0001281500    0.0033014600
  -0.0041439900    0.0017538200    0.0076405300
   0.0001197600   -0.0002788600    0.0057657000
  -0.0004094700   -0.0016151000   -0.0056459000
  -0.0011174300   -0.0010817800   -0.0036656500
   0.0012440000    0.0025892900   -0.0044412600
   0.0015217700    0.0020940000   -0.0034340800
   0.0037271100   -0.0024069800    0.0002192000
  -0.0063096700   -0.0148032800   -0.0076793600
   0.0020983800    0.0077991900   -0.0086558500
  -0.0001708000    0.0012243700    0.0005262800
  -0.0144159800    0.0008616400   -0.0062209000
   0.0109903500   -0.0049436100   -0.0105318400
   0.0005353200   -0.0010918500    0.0000389100
  -0.0002870200    0.0012635100    0.0001857400
   0.0097082000   -0.1001966000    0.1278547900
  -0.0009371100    0.0000537500    0.0051495100
  -0.0013789800    0.0023335100    0.0020814800
   0.0001165200   -0.0000962900    0.0030167500
   0.0012675400   -0.0010927200   -0.0067157900
  -0.0015886300   -0.0004627400   -0.0042942400
  -0.0017309400    0.0005002400   -0.0040038600
   0.0021121800    0.0001758700   -0.0028023400

1    
  0.0000000000000000   0.0000000000000000  -0.0100000000000000
   0.0901829000   -0.2290590900    0.2442629200
   0.0001737900   -0.0018752200    0.0022924400
  -0.0011015300    0.0006188500    0.0009724100
   0.0011289100   -0.0013177100    0.0021356300
   0.0000442600    0.0000278900   -0.0030217500
  -0.0005250100   -0.0000761200   -0.0019281600
  -0.0003388600    0.0006154200   -0.0019512100
   0.0002861800    0.0002463800   -0.0015577000
  -0.0218029300    0.0004973600   -0.0169074600
   0.0023571500    0.0007047700    0.0008560600
   0.0008308000    0.0015823000    0.0018717500
   0.0018785300    0.0035679600    0.0008590100
   0.0005869900   -0.0020340900   -0.0036698600
  -0.0023206700   -0.0015661300   -0.0029083600
   0.0004645600    0.0016734900   -0.0007563100
   0.0007614900    0.0009564700   -0.0004515800
   0.0006929300   -0.0016890200   -0.0035856100
  -0.0005545300   -0.0000912600   -0.0007354800
  -0.0014027400    0.0007474900   -0.0004455400
   0.0016245200    0.0008749800   -0.0028649000
   0.0160846900    0.0125487700   -0.0170867500
  -0.0048032900    0.0007593300    0.0018894500
  -0.0016698700    0.0006323200    0.0008630800
  -0.0012443400   -0.0008760800    0.0008604900
   0.0007105500   -0.0016320000   -0.0030849300
  -0.0046636400   -0.0019173600   -0.0033776600
  -0.0032049300    0.0011326400   -0.0034172200
  -0.0004169900   -0.0001791100   -0.0003973900
  -0.0219668500    0.0101388000   -0.0221131200
   0.0021323300   -0.0006293200    0.0009269100
  -0.0003931400    0.0002685600    0.0009319400
  -0.0006543500    0.0004795100    0.0004946700
  -0.0002819800   -0.0010321200    0.0021813100
  -0.0014302000   -0.0030601100    0.0021870600
   0.0000629900    0.0233948500   -0.0115419900
  -0.0001587200    0.0011612500    0.0005461900
  -0.0008532400    0.0041802800   -0.0043927600
   0.0028184200    0.0030233800   -0.0044167200
   0.0004474000    0.0001779200   -0.0011323700
   0.0001348300    0.0007502000   -0.0006755500
  -0.0031432100    0.0085369700    0.0079643400
  -0.0002727800    0.0006448800    0.0026104200
   0.0008701900   -0.0009769300    0.0079421200
   0.0002546100   -0.0005819500    0.0017266000
   0.0015261800   -0.0017864300   -0.0025490100
   0.0012075200   -0.0013263600   -0.0022303100
   0.0009497600   -0.0013873700   -0.0025890400
   0.0011367900   -0.0014823500   -0.0016112500
  -0.0541391600    0.0615934200   -0.0712599800
  -0.0004220300   -0.0001274700   -0.0033349500
   0.0041922400   -0.0017801800   -0.0076022500
  -0.0000520100    0.0002710200   -0.0057580400
   0.0004772300    0.0016749700    0.0056631900
   0.0012478000    0.0010912600    0.0036575500
  -0.0011769800   -0.0026438900    0.0044355300
  -0.0014354200   -0.0021112700    0.0034437900
  -0.0037381500    0.0024536600   -0.0002114700
   0.0063627600    0.0148098400    0.0076910800
  -0.0021364500   -0.0077960000    0.0086920400
   0.0001311100   -0.0011720500   -0.0005066600
   0.0144881300   -0.0008509500    0.0062186200
  -0.0110161000    0.0049596000    0.0105645800
  -0.0005635500    0.0011030600   -0.0000747500
   0.0002856100   -0.0012395700   -0.0001999000
  -0.0105671800    0.1062499700   -0.1319059600
   0.0008850300   -0.0001291500   -0.0051865500
   0.0013878200   -0.0024954600   -0.0021626500
  -0.0001700900    0.0000647200   -0.0030013000
  -0.0013244300    0.0010287100    0.0067699900
   0.0015285000    0.0003968600    0.0042595800
   0.0017253400   -0.0005499100    0.0040036000
  -0.0021154800   -0.0001680700    0.0028301100

49   
 -0.0049999999999535   0.0086602540378712   0.0000000000000000
  -0.1295719500    0.1545395600   -0.0850080900
   0.0021857900    0.0008046400   -0.0001328000
   0.0094207700   -0.0184854500    0.0035503400
  -0.0012094000   -0.0023615200   -0.0002901200
  -0.0004646700    0.0012592800   -0.0012212200
   0.0004276400    0.0000370200   -0.0003406100
   0.0017489900   -0.0028354800    0.0016242300
  -0.0002211300   -0.0022518100    0.0010801000
  -0.0039191200    0.0332759700    0.0096350500
   0.0039264600    0.0027246200    0.0001336900
   0.0018511200   -0.0035500000   -0.0009327900
  -0.0031640200   -0.0052972200   -0.0014010100
  -0.0002971700    0.0048612800    0.0012522500
   0.0028494600    0.0028808100    0.0020694200
   0.0008642700   -0.0024631900   -0.0015502700
  -0.0017773800   -0.0013037800   -0.0017502500
  -0.0016464900    0.0000574900   -0.0011594800
   0.0005697700   -0.0005649900   -0.0009363700
   0.0007731900   -0.0002370500    0.0006330200
  -0.0064337400   -0.0014027700    0.0064549800
  -0.0144070300   -0.0058330800    0.0159800100
   0.0027899900   -0.0008578900   -0.0009462700
   0.0096668100   -0.0046318500   -0.0078071300
  -0.0045017700    0.0016545300    0.0002242600
   0.0010425100   -0.0012451700   -0.0037627800
  -0.0035676900   -0.0009212200   -0.0020500700
   0.0019456600   -0.0025553500    0.0063477500
  -0.0013277500   -0.0006928500    0.0001404800
   0.0116717900   -0.0044031600    0.0143783200
  -0.0029067600    0.0017781100   -0.0005215200
  -0.0070896200   -0.0073288300   -0.0109233300
   0.0007585500   -0.0007501700    0.0003062900
   0.0030515000   -0.0037813900   -0.0002069000
  -0.0036505100   -0.0027656000   -0.0005792700
   0.0221439100    0.0671795500   -0.0266481300
   0.0035333200    0.0017787600    0.0003521800
   0.0014980500   -0.0023998800    0.0025596500
  -0.0021111400   -0.0011491900    0.0028478400
  -0.0004486000    0.0033289500   -0.0016455300
   0.0018933500    0.0021616300   -0.0015365800
   0.0101781900   -0.0190233800   -0.0027816100
  -0.0005048600   -0.0025056200   -0.0005448200
  -0.0936740600    0.0825481400    0.0919132100
   0.0020418400    0.0016096900    0.0001703500
   0.0009706800   -0.0028269900   -0.0012929200
   0.0003106800   -0.0021867900   -0.0004127300
   0.0001990900    0.0016658000    0.0015628800
  -0.0001877500    0.0006791000    0.0009505000
   0.2205621000   -0.4092149800    0.0133366900
  -0.0068482800   -0.0043961800   -0.0003508500
  -0.0136911800    0.0202843700    0.0021965700
   0.0071204900    0.0082975400    0.0012356600
   0.0009792600   -0.0051351500   -0.0002569000
  -0.0014001000   -0.0032958400   -0.0010697600
  -0.0005847100    0.0052928200   -0.0002242800
   0.0017337100    0.0039840500   -0.0000500000
  -0.0070770300    0.0017409300    0.0026792800
   0.0099451200    0.0103226800    0.0108738100
   0.0098083700    0.0224144400   -0.0187448700
  -0.0023843700    0.0030408000   -0.0004399900
  -0.0110562800    0.0016797700   -0.0057793700
   0.0103623000   -0.0069822000   -0.0085751100
   0.0103283200   -0.0011408800    0.0062438400
  -0.0062666200    0.0034099300    0.0057046700
  -0.0140365500    0.0498317900   -0.0433567800
  -0.0014478500   -0.0006900900    0.0021355500
  -0.0242529900    0.0437212600    0.0296235500
   0.0020299800   -0.0019357900   -0.0013209100
   0.0008656700    0.0013655800    0.0057175700
   0.0001588000    0.0007490800    0.0017537300
  -0.0041779900   -0.0015312700   -0.0065624000
   0.0040990700   -0.0000259300   -0.0025539200

49   
  0.0049999999999535  -0.0086602540378712   0.0000000000000000
   0.1227744300   -0.1474720900    0.0782479800
  -0.0014184800   -0.0023515600    0.0001187600
  -0.0085874200    0.0170090300   -0.0035901700
   0.0019826600    0.0008512300    0.0002648700
   0.0013681700   -0.0027665200    0.0011358200
   0.0003107600   -0.0015769500    0.0003408000
  -0.0009574500    0.0013087500   -0.0016725800
   0.0009306900    0.0007556300   -0.0010765800
   0.0041078100   -0.0326508300   -0.0107091700
  -0.0029501900   -0.0013234700   -0.0001671600
  -0.0009572500    0.0049872500    0.0008733600
   0.0040834000    0.0067363400    0.0013613900
   0.0011746700   -0.0033571300   -0.0013441900
  -0.0019628000   -0.0013769000   -0.0021600700
   0.0000867200    0.0038450300    0.0015407300
   0.0027028300    0.0027908500    0.0017000800
  -0.0000222000    0.0001555000    0.0012358200
  -0.0022501100    0.0007042000    0.0009212500
  -0.0025154400    0.0002587800   -0.0007058100
   0.0046637900    0.0014096000   -0.0064618900
   0.0126970400    0.0059586200   -0.0159055200
  -0.0044413200    0.0010144200    0.0009522300
  -0.0113519700    0.0046314700    0.0077714300
   0.0028122000   -0.0015459200   -0.0002310000
  -0.0027300000    0.0011377200    0.0037514600
   0.0018263200    0.0010400900    0.0022066800
  -0.0036187100    0.0024774600   -0.0063099400
  -0.0003589700    0.0005607500   -0.0001407300
  -0.0133990900    0.0043488900   -0.0143730000
   0.0011708800   -0.0017976800    0.0005904100
   0.0053673900    0.0072550200    0.0109949900
  -0.0024800900    0.0007032900   -0.0002423100
  -0.0022217900    0.0053227600    0.0002239600
   0.0044120700    0.0043217800    0.0005845000
  -0.0219912400   -0.0653414500    0.0267191000
  -0.0027950700   -0.0002809300   -0.0003533100
  -0.0006809600    0.0039121100   -0.0025328900
   0.0027793100    0.0026572700   -0.0028660900
   0.0011630700   -0.0018086400    0.0016340900
  -0.0011403700   -0.0006359400    0.0015294900
  -0.0092438400    0.0176363400    0.0028255300
   0.0014631300    0.0010971500    0.0005489900
   0.0983476300   -0.0860878200   -0.0972965000
  -0.0012016200   -0.0031892000   -0.0000690200
  -0.0000859900    0.0012958900    0.0013622100
   0.0006265200    0.0007159200    0.0004190800
   0.0007357400   -0.0031075700   -0.0015441700
   0.0010183500   -0.0022749800   -0.0008314800
  -0.2151453600    0.4030671500    0.0002420300
   0.0069460700    0.0043945300    0.0002849600
   0.0137707500   -0.0203218200   -0.0021630300
  -0.0070456300   -0.0082869000   -0.0012166300
  -0.0008985100    0.0051756900    0.0002654700
   0.0015291100    0.0032897700    0.0010478700
   0.0006645000   -0.0053214000    0.0002143300
  -0.0016270700   -0.0039801200    0.0000513700
   0.0070003700   -0.0016869800   -0.0026686200
  -0.0098351700   -0.0103866500   -0.0108769900
  -0.0099796800   -0.0223123600    0.0188059900
   0.0023698900   -0.0029696300    0.0004732900
   0.0110437200   -0.0016610600    0.0057337200
  -0.0103235600    0.0069517100    0.0085555500
  -0.0103504100    0.0011705100   -0.0062454000
   0.0062478600   -0.0033612200   -0.0056889500
   0.0137763100   -0.0496941000    0.0430178500
   0.0013611300    0.0005980100   -0.0021509100
   0.0243512400   -0.0437951000   -0.0300033900
  -0.0020565400    0.0019067900    0.0013412500
  -0.0008707100   -0.0014311200   -0.0056357700
  -0.0002551700   -0.0008226000   -0.0018046000
   0.0041556200    0.0014930900    0.0065784200
  -0.0040719700    0.0000302600    0.0025707900

49   
  0.0000000000000000   0.0000000000000000   0.0100000000000000
   0.0565816400   -0.0639292500    0.0711114200
   0.0008537400   -0.0005890800    0.0032971700
   0.0045449900   -0.0154490200    0.0075586900
   0.0022640400   -0.0039495200    0.0057347300
   0.0002680900    0.0012402300   -0.0056934300
  -0.0011947000    0.0010313900   -0.0036580900
  -0.0011407400    0.0015089300   -0.0044583500
   0.0003402600    0.0007042800   -0.0034296200
   0.0877347200    0.0625393500    0.1321074100
   0.0015640800    0.0006398800    0.0030016300
   0.0027953200    0.0028004100    0.0051479300
   0.0031891600    0.0086632800    0.0021205000
  -0.0003639600   -0.0002428300   -0.0067900200
  -0.0011288200   -0.0002585000   -0.0028835400
  -0.0001213300   -0.0012299600   -0.0043070100
  -0.0017292900   -0.0016276500   -0.0040353100
   0.0044636600   -0.0068227600   -0.0104540400
  -0.0021953100   -0.0001117300    0.0001984200
  -0.0038563700    0.0018897400    0.0000506300
   0.0051054400    0.0016842200   -0.0061906600
   0.0040972500    0.0047068500   -0.0076881000
  -0.0026054600    0.0000026400    0.0004900300
   0.0093534300   -0.0042785000   -0.0087134700
  -0.0058217200   -0.0026014600    0.0001742700
   0.0041720500   -0.0027189700    0.0002070800
  -0.0110766900   -0.0042146000   -0.0085826100
  -0.0057740100    0.0046531200   -0.0076379400
   0.0009471600   -0.0001328100    0.0005084900
  -0.0068276900    0.0016449400   -0.0061691600
   0.0020941800    0.0018700700    0.0001061600
  -0.0061606500   -0.0069065300   -0.0104559300
   0.0004905000   -0.0001880500    0.0002318400
  -0.0014689400   -0.0024391800    0.0057775800
  -0.0037145700   -0.0139413300    0.0076203100
  -0.0573134000   -0.0641458900    0.0712844300
  -0.0000879800    0.0009265700    0.0033145900
   0.0004402200    0.0022032000   -0.0034146800
   0.0018910400    0.0030174400   -0.0044355300
   0.0005554600    0.0027598200   -0.0056500700
   0.0019535600    0.0025609300   -0.0036590100
  -0.0022956400    0.0072686500    0.0021452700
  -0.0018755500    0.0013510800    0.0051716400
  -0.0819495800    0.0574257800    0.1278709600
  -0.0006708400   -0.0008700400    0.0030635800
   0.0026252300   -0.0031579200   -0.0039697300
   0.0010503100   -0.0026641000   -0.0042826800
   0.0012548100   -0.0017006200   -0.0067418400
   0.0019830000   -0.0018141700   -0.0027675300
  -0.0034358300    0.0075137600   -0.4591300600
   0.0000505800   -0.0003719400   -0.0064646300
  -0.0009170600    0.0019702100   -0.0139520400
   0.0009998300    0.0019838900   -0.0139211200
   0.0000356700   -0.0002626900    0.0139611300
   0.0000643600   -0.0012132200    0.0060485300
   0.0002111700   -0.0001495000    0.0077337000
  -0.0001158900   -0.0001387200    0.0077327500
  -0.0027176300    0.0031163000   -0.0075628700
   0.0189020100    0.0391477100    0.0230583700
  -0.0109451500   -0.0282036000    0.0230065000
   0.0004269700   -0.0026970500   -0.0056720300
   0.0057385400   -0.0003516800    0.0055820400
  -0.0062322600   -0.0029285000    0.0106387800
   0.0085385400    0.0026315100    0.0106327700
  -0.0057140800    0.0012553900    0.0081054300
   0.0107982700   -0.0281003600    0.0231093500
  -0.0004817500   -0.0027674300   -0.0056499300
  -0.0186762800    0.0389165400    0.0230342100
   0.0026433900    0.0030716900   -0.0075006200
  -0.0085853900    0.0026296000    0.0106843400
   0.0056652000    0.0011981100    0.0080617200
   0.0062566600   -0.0029961600    0.0106385400
  -0.0057499700   -0.0003621500    0.0055987200
